transform:
  translation:
    x: 0.0
    y: 0.0
    z: 0.0
  rotation:
    x: 0.0
    y: 0.0
    z: -0.0130896
    w: 0.9999143
