image_width: 1920
image_height: 1080
camera_name: head_camera
camera_matrix:
  rows: 3
  cols: 3
  data: [1285.001302870434, 0, 1006.32688563118, 0, 1294.179346014862, 498.7931586611289, 0, 0, 1]
distortion_model: plumb_bob
distortion_coefficients:
  rows: 1
  cols: 5
  data: [0.0403286931756032, -0.04838140630233873, 0.00726016273663085, 0.003755279337010404, 0]
rectification_matrix:
  rows: 3
  cols: 3
  data: [1, 0, 0, 0, 1, 0, 0, 0, 1]
projection_matrix:
  rows: 3
  cols: 4
  data: [1296.406127929688, 0, 1015.614682116706, 0, 0, 1311.716796875, 505.9402542288881, 0, 0, 0, 1, 0]