image_width: 1920
image_height: 1080
camera_name: head_camera
camera_matrix:
  rows: 3
  cols: 3
  data: [1951.794795020507, 0, 962.6956492117581, 0, 1939.447620233487, 457.1595628519383, 0, 0, 1]
distortion_model: plumb_bob
distortion_coefficients:
  rows: 1
  cols: 5
  data: [-0.5546166946606251, 0.2844233040247894, 0.001787617489470964, 0.003249920126445992, 0]
rectification_matrix:
  rows: 3
  cols: 3
  data: [1, 0, 0, 0, 1, 0, 0, 0, 1]
projection_matrix:
  rows: 3
  cols: 4
  data: [1646.314331054688, 0, 972.3212148960374, 0, 0, 1844.194091796875, 449.6758826473742, 0, 0, 0, 1, 0]