header: 
    seq: 0
    stamp: 
        secs: 0
        nsecs:                 0
    frame_id: white_mkz_onsemi_obstacle
height: 1080
width: 1920
distortion_model: plumb_bob
D: [0.040329, -0.048381, 0.007260, 0.003755, 0.0]
K: [1285.001303, 0.0, 1006.326886, 0.0, 1294.179346, 498.793159, 0.0, 0.0, 1.0]
R: [1.0, 0.0, 0.0, 0.0, 1.0, 0.0, 0.0, 0.0, 1.0]
P: [1296.406128, 0.0, 1015.614682, 0.0, 0.0, 1311.716797, 505.940254, 0.0, 0.0, 0.0, 1.0, 0.0]
binning_x: 0
binning_y: 0
roi: 
  x_offset: 0
  y_offset: 0
  height: 0
  width: 0
  do_rectify: False
