header: 
  seq: 0
  stamp: 
    secs: 0
    nsecs:         0
  frame_id: short_camera
height: 1080
width: 1920
distortion_model: plumb_bob
D: [0.032615, -0.046761, 0.004292, -0.001347, 0.000000]
K: [1297.859677, 0.000000, 980.109756, 0.000000, 1295.222190, 517.768465, 0.000000, 0.000000, 1.000000]
R: [1.0, 0.0, 0.0, 0.0, 1.0, 0.0, 0.0, 0.0, 1.0]
P: [1303.572266, 0.000000, 977.104460, 0.000000, 0.000000, 1303.880127, 521.275929, 0.000000, 0.000000, 0.000000, 1.000000, 0.000000]
binning_x: 0
binning_y: 0
roi: 
  x_offset: 0
  y_offset: 0
  height: 0
  width: 0
do_rectify: False
